16
871 35
6592 9563 12033 16988 18641 21234 29919 31870 40077 43249 
47598 47769 56810 64022 71124 79381 80132 86214 90652 95855 
100116 105257 107437 112111 116667 123287 124260 129452 129642 130485 
134694 138905 140717 146206 147588 151076 152025 156646 159668 160625 
166043 172561 176105 181226 181595 187369 191031 191071 193483 199543 
204822 205905 208464 210941 211745 217058 222315 227453 230112 232474 
235668 239106 242842 246947 251305 251856 253001 256329 258470 262246 
264725 265735 267157 268036 270500 272949 277118 280018 281429 282144 
285031 286884 289624 290860 293972 295123 297037 299711 301045 303837 
306523 309917 313129 316416 316990 318331 321045 322173 322867 326383 
328294 328735 329928 330384 331074 331883 332571 333050 333834 336749 
337120 339450 339576 342620 345019 345525 347467 350229 352048 352443 
353859 355445 355469 357656 360499 361026 362173 362509 363718 364311 
365443 366087 366207 366892 368943 370968 372520 373017 374694 376328 
377243 377388 377707 378509 378617 380705 381153 382150 383035 384062 
385019 385577 387321 387433 387450 388916 389396 391025 392715 394024 
395698 396218 396761 398175 399356 399593 400197 401815 403339 403750 
403958 404654 405024 406360 407832 408415 408971 409245 410927 411920 
412625 412971 413427 415154 415215 416679 417575 419004 419999 421413 
422310 422882 423918 424891 425524 425797 426838 426899 427651 428415 
429823 429978 431187 431226 431250 432232 433238 433441 434767 435718 
435981 436622 437758 438393 438500 439638 439918 440436 441147 441559 
442200 442580 443075 443516 443678 444451 444626 445597 446276 446722 
447662 447677 448673 449333 449798 450612 451300 451427 452299 453201 
453212 454106 454943 455415 456034 456104 456387 457065 457810 458050 
458718 459449 459968 460246 460699 461327 461837 462587 462828 463323 
463736 463992 464158 464846 465243 465822 466161 466542 466987 467306 
467760 467970 468048 468564 468906 469472 469943 470030 470436 470859 
471382 471404 471453 471726 472245 472433 472466 472496 472538 472655 
473128 473317 473670 474172 474669 474920 475419 475806 476259 476664 
476691 476716 477003 477398 477590 477709 477900 478010 478258 478335 
478756 478787 479203 479259 479479 479773 480002 480320 480499 480679 
480855 480918 481201 481283 481621 481881 482107 482446 482621 482752 
483069 483107 483388 483548 483682 484005 484007 484183 484299 484420 
484618 484912 485034 485309 485417 485527 485760 485829 486103 486333 
486335 486481 486654 486871 487060 487061 487086 487283 487338 487363 
487459 487554 487798 487858 487988 488040 488139 488142 488286 488299 
488394 488455 488476 488588 488723 488768 488862 488998 489140 489178 
489237 489262 489353 489495 489642 489672 489721 489878 489930 490045 
490085 490240 490247 490337 490439 490477 490598 490728 490908 491015 
491047 491167 491197 491290 491294 491380 491419 491485 491613 491624 
491750 491898 492048 492166 492182 492326 492459 492543 492631 492673 
492750 492789 492835 492953 493060 493086 493087 493089 493128 493216 
493316 493418 493476 493583 493616 493690 493813 493852 493934 494015 
494052 494134 494174 494229 494237 494252 494289 494327 494414 494419 
494478 494572 494600 494660 494740 494756 494818 494833 494857 494887 
494939 495015 495062 495102 495154 495235 495288 495327 495385 495471 
495526 495553 495603 495609 495635 495659 495664 495731 495767 495789 
495792 495801 495877 495945 496001 496049 496123 496161 496213 496227 
496278 496298 496337 496372 496400 496422 496480 496500 496546 496549 
496578 496607 496657 496675 496675 496734 496766 496779 496797 496843 
496888 496905 496908 496909 496954 496954 496986 497002 497035 497091 
497130 497164 497211 497261 497271 497286 497291 497343 497382 497396 
497447 497476 497522 497543 497551 497593 497634 497641 497653 497678 
497686 497717 497751 497788 497790 497803 497828 497864 497881 497916 
497925 497944 497965 498000 498025 498048 498078 498084 498089 498113 
498127 498151 498185 498192 498207 498211 498213 498243 498257 498288 
498289 498292 498308 498312 498340 498370 498396 498410 498418 498439 
498457 498469 498471 498497 498515 498527 498546 498572 498588 498596 
498617 498619 498639 498656 498667 498669 498689 498693 498693 498711 
498726 498728 498733 498743 498756 498770 498778 498792 498793 498800 
498800 498817 498820 498821 498842 498843 498846 498852 498859 498869 
498884 498889 498904 498914 498914 498916 498919 498924 498929 498935 
498946 498949 498955 498957 498968 498981 498995 499014 499024 499032 
499032 499042 499042 499051 499056 499073 499073 499083 499085 499096 
499107 499108 499122 499124 499140 499145 499148 499153 499168 499173 
499181 499189 499194 499200 499205 499214 499227 499228 499241 499248 
499249 499249 499251 499254 499254 499263 499264 499274 499279 499283 
499287 499300 499308 499320 499322 499323 499332 499335 499336 499345 
499356 499366 499377 499380 499380 499385 499392 499393 499403 499407 
499407 499409 499413 499415 499415 499422 499423 499432 499438 499446 
499454 499458 499464 499469 499471 499478 499480 499483 499489 499492 
499495 499497 499504 499507 499515 499516 499524 499528 499530 499537 
499540 499543 499550 499550 499552 499556 499561 499565 499569 499576 
499580 499587 499588 499591 499598 499604 499605 499609 499611 499616 
499619 499622 499624 499626 499627 499630 499635 499639 499639 499645 
499645 499648 499649 499652 499657 499662 499664 499667 499669 499670 
499674 499675 499679 499684 499685 499688 499693 499696 499696 499700 
499704 499704 499708 499712 499712 499713 499713 499717 499717 499720 
499720 499724 499724 499724 499726 499729 499732 499732 499733 499737 
499737 499740 499740 499741 499745 499746 499750 499751 499751 499752 
499753 499755 499757 499757 499760 499762 499762 499762 499765 499765 
499766 499766 499766 499769 499769 499770 499772 499772 499772 499772 
499774 499774 499776 499779 499780 499782 499785 499787 499787 499790 
499790 499791 499794 499794 499797 499799 499800 499801 499801 499804 
499805 499805 499805 499805 499807 499809 499809 499811 499813 499813 
499814 499815 499815 499817 499819 499819 499820 499820 499822 499824 
499824 
897 35
6626 12891 19875 20580 26298 29082 36854 45358 45806 53908 
60106 63637 64426 72357 78564 83931 91504 94610 102665 104798 
112288 114116 115853 120068 126658 131064 137857 139564 139639 143847 
149015 149220 154269 155926 158767 163362 166808 172350 178175 179744 
184532 186341 190390 194685 199861 204334 204738 206084 208879 212388 
217058 220205 225670 230511 231817 233776 235595 239063 241978 244523 
247411 248469 251069 254723 256332 257385 258352 260901 263341 265659 
268497 270783 272163 275400 276875 280172 282638 283397 285724 286975 
288553 289926 291853 295533 298118 300873 302962 303869 304212 306327 
307987 311123 314285 314809 316779 318947 322186 323590 326715 328154 
329172 330376 331164 333818 336917 337715 339291 339471 339976 341440 
342409 342470 343681 346717 349553 352335 354562 356014 356126 357105 
359874 362308 362409 364625 366201 367540 369878 370351 371057 373615 
376118 377688 379393 381370 382790 383908 385051 385444 386290 387944 
390156 391882 392719 394096 395822 396625 398172 398563 399320 400075 
401717 403190 403961 405149 406265 407446 408043 408153 409459 410404 
410423 411461 411682 412994 414537 414948 415047 416111 416153 417270 
418855 420212 420956 422359 422548 423313 423541 424496 425362 425501 
425803 426139 426736 426911 427299 428309 429413 429450 430179 430966 
431593 432642 433013 433146 433343 434103 434613 434937 435270 435930 
436395 437590 437981 438230 439415 439947 440986 442143 442378 443288 
444247 444652 445037 445174 445451 446535 447483 447808 448442 449467 
449760 449892 450825 451566 451967 452869 453123 453312 453939 454439 
454740 455087 455927 456274 456422 456537 456618 457371 458152 458711 
459112 459874 459874 460396 460713 461452 461957 462518 462799 462873 
463198 463336 463729 464157 464395 464979 465314 465939 466384 467032 
467214 467418 467799 467852 468426 468611 469168 469406 469957 470383 
470684 470773 471322 471366 471898 472221 472538 472956 473086 473261 
473705 473826 473850 473914 474430 474629 474637 474774 474779 475091 
475281 475312 475453 475789 475888 476285 476683 476907 477058 477271 
477587 477692 477728 477821 478143 478262 478609 478870 478981 479238 
479639 479974 480167 480257 480644 480948 481321 481608 481940 482042 
482384 482515 482853 482964 483074 483318 483378 483483 483500 483553 
483731 483792 484102 484349 484405 484508 484789 484865 484991 485014 
485301 485543 485824 486059 486170 486329 486584 486697 486829 486914 
486980 487001 487059 487176 487258 487508 487663 487847 488018 488054 
488275 488395 488435 488577 488642 488669 488846 488960 489147 489304 
489315 489478 489595 489638 489750 489901 490030 490202 490202 490375 
490460 490548 490571 490697 490859 490932 491058 491219 491298 491461 
491533 491557 491709 491867 492015 492109 492126 492174 492319 492427 
492544 492612 492686 492739 492746 492806 492937 493058 493062 493107 
493136 493236 493303 493325 493399 493425 493459 493524 493549 493652 
493755 493877 493973 494038 494133 494213 494222 494277 494352 494399 
494405 494409 494461 494516 494567 494649 494667 494726 494769 494830 
494844 494915 494919 494951 494956 495003 495022 495102 495185 495187 
495238 495324 495387 495468 495485 495564 495600 495637 495665 495725 
495802 495805 495821 495851 495915 495929 495939 495957 496036 496037 
496075 496130 496162 496192 496223 496293 496320 496351 496413 496425 
496461 496497 496544 496551 496614 496655 496690 496704 496710 496761 
496803 496810 496819 496833 496871 496914 496928 496950 496970 496976 
497011 497017 497051 497054 497101 497114 497162 497201 497227 497249 
497260 497268 497303 497330 497340 497383 497407 497431 497460 497482 
497519 497548 497577 497611 497631 497665 497672 497687 497712 497737 
497774 497783 497790 497816 497849 497884 497895 497926 497960 497990 
497996 498000 498020 498020 498048 498068 498093 498121 498155 498182 
498188 498221 498234 498237 498270 498271 498272 498283 498289 498291 
498316 498319 498325 498335 498348 498350 498374 498374 498391 498419 
498429 498458 498471 498480 498486 498498 498503 498525 498530 498539 
498550 498572 498591 498596 498606 498625 498646 498657 498657 498666 
498678 498692 498713 498723 498731 498734 498748 498767 498790 498811 
498827 498836 498843 498848 498860 498874 498877 498890 498901 498922 
498935 498955 498968 498976 498981 498995 499011 499012 499019 499036 
499052 499067 499068 499071 499079 499089 499091 499097 499104 499112 
499119 499132 499133 499133 499134 499139 499148 499160 499163 499175 
499184 499199 499208 499216 499220 499224 499228 499235 499248 499251 
499252 499260 499268 499278 499282 499293 499301 499305 499305 499310 
499310 499319 499320 499324 499325 499326 499326 499332 499343 499347 
499355 499357 499362 499370 499375 499383 499383 499387 499390 499391 
499398 499402 499402 499405 499406 499407 499408 499410 499415 499424 
499429 499438 499445 499450 499453 499462 499464 499467 499474 499477 
499481 499487 499493 499499 499501 499506 499513 499514 499518 499525 
499532 499533 499533 499538 499541 499547 499549 499549 499550 499555 
499562 499565 499569 499570 499575 499580 499585 499586 499593 499593 
499600 499601 499607 499610 499613 499613 499618 499623 499623 499623 
499623 499628 499628 499633 499638 499641 499647 499647 499648 499648 
499650 499653 499655 499660 499660 499660 499665 499670 499670 499675 
499675 499680 499682 499684 499684 499688 499690 499693 499693 499697 
499701 499702 499706 499706 499707 499707 499709 499712 499714 499716 
499720 499723 499724 499726 499727 499729 499730 499732 499736 499738 
499742 499746 499749 499751 499752 499754 499754 499755 499757 499757 
499757 499760 499762 499765 499768 499769 499770 499773 499775 499775 
499777 499777 499780 499781 499783 499784 499785 499788 499790 499791 
499792 499792 499794 499795 499797 499797 499799 499799 499802 499803 
499804 499806 499808 499810 499812 499814 499815 499816 499817 499819 
499821 499823 499823 499823 499825 499825 499826 499826 499827 499828 
499830 499830 499832 499833 499834 499835 499835 499836 499837 499837 
499837 499837 499837 499838 499839 499839 499841 499842 499842 499842 
499844 499844 499844 499844 499846 499847 499849 499849 499850 499851 
499852 499853 499853 499853 499853 499854 499855 499856 499856 499857 
499857 499857 499857 499858 499859 499860 499861 
258 34
5776 11987 21210 24621 34126 40724 42465 44375 49032 50407 
58277 66431 74185 82231 86371 92192 98250 103723 110961 115240 
117665 122994 125143 132170 132752 136356 141774 144420 145631 145914 
150465 154626 158396 162440 162574 163164 168112 174063 180562 181833 
184560 186521 192340 192368 193865 194060 196909 198210 200020 205748 
208320 210585 211094 215562 219475 223288 227658 232491 237057 240986 
242099 247141 252177 255741 258321 260577 260924 261736 263377 265935 
266260 269990 271206 271940 272139 273744 275166 278027 279905 282600 
284610 285591 289697 293257 297173 299893 303805 306760 309938 312731 
314072 316757 317591 320673 322117 322461 324743 327258 330433 332750 
334915 336777 339591 340257 341024 342923 344495 347392 348988 350601 
351329 352819 355620 358474 359851 360446 360861 362895 363573 365910 
368132 370483 371064 373293 375681 377165 379139 380512 380797 382771 
384282 386272 388503 390540 391219 391491 391874 392781 393889 395066 
396263 397948 398652 399641 401006 401411 403106 404908 405744 406328 
408143 409647 409882 410923 411962 412424 412800 414360 415019 415971 
417629 417834 418044 419220 420567 421106 421280 421523 421831 422411 
422686 422853 424002 424695 425568 425801 426159 426547 427224 427688 
428922 429435 429787 431004 432141 432711 432809 433240 433633 433996 
434151 434285 434734 435332 436439 437677 438838 439417 440212 441384 
442125 442747 442787 443584 443861 444883 445351 446314 446464 447189 
447822 448539 448620 448884 449400 450242 450476 450800 451073 451750 
452490 452518 452706 452850 453223 453584 454464 455331 455400 455441 
455881 456114 456306 456470 456784 457018 457499 458166 458565 459099 
459814 460404 460738 461222 461882 462515 462734 462920 463219 463509 
464168 464443 465001 465274 465337 465932 466038 466217 
29 22
8196 17517 26457 27172 27218 27817 31731 34646 37832 39739 
47898 53888 58506 59069 61154 67918 73512 80998 82593 88911 
91366 98444 105617 108665 112486 118855 120816 124343 131022 
305 33
1684 7896 14208 21044 30512 33860 34318 35990 41819 45305 
48262 50310 52267 55278 57480 64393 71761 79122 84732 89748 
90056 91971 97100 103342 108578 113221 115737 118034 122036 122173 
129667 131596 138305 144650 148053 153425 159833 162579 168920 172962 
177623 182028 186987 191010 193664 194675 195490 198064 201002 201434 
201856 206932 208625 210753 215967 220087 224887 228469 233347 237202 
241632 244749 249659 251136 253315 257264 261927 264279 264406 265092 
267107 271663 272875 272929 275681 278230 280442 284818 286910 287054 
288535 290296 293517 294849 297824 297962 298477 302280 305588 307276 
308565 311071 313074 316315 318654 322014 325327 328041 331479 333717 
336952 338507 339147 341909 343082 345066 347759 348197 350244 352208 
354606 355019 355534 356601 358345 360050 362690 364009 365102 366159 
368791 370378 372831 374244 375194 377202 379357 381601 382276 383691 
385402 386203 387875 388861 390323 391579 392439 392535 394309 395635 
396753 397723 398828 399026 399227 401027 402705 404408 404697 405440 
407191 407361 407509 408027 408212 408841 409364 410636 411287 412091 
412555 413310 413706 413881 415283 415639 415816 416273 416550 417925 
418089 418774 419530 420805 420896 421825 423128 424639 425663 426061 
427455 427882 428919 429175 430188 430618 431019 431621 432285 433485 
433824 434385 435224 435472 435753 435792 436450 437062 438025 438111 
438643 438840 439419 439593 440136 440468 440776 441935 442919 443904 
444024 444172 444691 445416 446052 446192 446809 447075 447957 448267 
448764 449420 449455 450188 450400 450907 451230 451930 452708 452754 
453061 453294 453619 453932 454688 455392 455800 455853 456559 457336 
457678 458283 458559 459320 460119 460396 461033 461636 461878 462302 
462490 463008 463456 463688 464087 464534 465108 465629 466287 466291 
466796 466967 467608 468179 468556 468827 469046 469487 470017 470298 
470475 471056 471110 471298 471760 472227 472306 472542 473036 473524 
473785 474259 474526 474802 475172 475316 475767 475768 475884 476175 
476274 476377 476832 477017 477349 477476 477824 478220 478241 478317 
478435 478502 478789 479212 479295 
335 21
4775 11326 18557 23120 27925 36242 43258 50511 51162 53535 
61208 62080 63986 69004 70864 73585 80206 80591 87418 94760 
101281 104103 107313 111471 118142 123554 128727 130362 131653 132468 
135919 136563 141301 147122 149193 154739 159203 164071 166861 168418 
172755 176120 177383 180587 183813 187121 189175 190866 192213 193090 
194160 195889 201767 206864 209536 213604 218708 219201 220945 224322 
225846 230426 231065 232864 236708 241824 244996 247243 251234 252444 
257346 259524 260513 261876 264469 267116 271712 273781 275829 277342 
280174 283454 286308 287032 287610 287928 288612 289981 292145 294070 
297330 299652 301349 305214 306056 309270 312277 313013 313735 317397 
319443 322117 324466 327042 329170 332174 333486 336793 338190 338843 
341566 342744 344170 345091 348104 349248 351076 351438 352225 354266 
357168 357359 358963 361249 362824 362841 365258 366688 369320 371174 
371285 373325 374113 374913 374974 376840 378628 380875 380976 381671 
381676 382655 383579 383759 384477 386429 388653 389919 390834 393006 
394963 395669 395840 397501 399069 400724 402404 403191 404784 406217 
406287 406347 407553 409326 410568 410720 410895 411963 412684 413813 
414499 414540 416081 417037 417262 418494 418925 419237 419607 420112 
421045 421803 423268 424657 425212 425324 425882 426143 426476 426902 
428025 428272 429050 430334 431300 431952 432807 433130 433561 434008 
434505 434776 435535 435709 436358 437433 438124 438610 438789 439238 
440002 440346 441100 442076 442613 443278 444077 444979 445462 445732 
446080 446738 447390 447984 448351 448718 448951 449367 450063 450315 
451300 451532 451920 452394 452905 453689 454176 454468 454850 455630 
456175 456703 457494 457859 458674 458684 458984 459688 460141 460894 
461036 461574 462081 462708 463085 463236 463408 463779 464142 464214 
464755 464932 465293 465678 465863 466070 466528 466575 467154 467735 
468004 468554 468977 469212 469226 469754 469881 470005 470117 470477 
471060 471517 471580 471692 471911 472005 472557 472944 473251 473634 
473973 474228 474341 474418 474855 474935 475062 475306 475368 475397 
475658 476012 476222 476351 476441 476652 476878 477057 477082 477188 
477364 477601 477696 477978 478150 478162 478411 478748 479084 479130 
479368 479482 479641 479864 480094 480211 480553 480694 480817 480846 
481220 481232 481571 481661 481712 
108 83
6553 14598 19767 28016 32654 37021 41719 44024 50395 57614 
62359 62710 63542 65574 72116 74716 83181 90597 93687 101796 
107030 109028 109444 109563 113993 115306 122719 124115 130792 132993 
135467 136053 140596 140888 142254 144423 145389 148887 152838 154080 
155412 157889 159618 161656 163470 164937 167572 171216 172148 175110 
179600 183949 185431 188846 192633 196986 198248 203655 203886 206015 
206741 212328 216181 218414 221413 223679 228793 232850 236666 239149 
240660 245072 245100 246972 249609 250440 251979 252515 252557 253221 
257894 259923 263260 264124 264907 268489 272546 275301 275341 279655 
279863 281474 281612 283285 284147 285996 289241 290704 292225 293613 
295297 296083 299634 303371 304166 304475 307278 307559 
825 17
4374 5395 7674 10803 16968 26481 26787 29752 37201 46165 
49545 51691 59728 59899 61541 65465 71885 77042 79553 82995 
86741 91794 91932 97982 102298 102940 106869 110109 113935 118527 
122189 124213 127250 132717 132957 133091 133716 136902 138148 140687 
147554 151398 156036 157219 158318 160943 167573 169708 175769 182083 
182298 186767 189328 193203 194167 197417 198253 201155 203478 205556 
210522 214965 219747 224830 229845 233689 237445 237454 239041 241918 
245785 248158 248793 253262 255436 259927 261475 265992 267975 268415 
272945 275805 278955 282161 285857 285870 289790 292443 293746 296655 
299164 300097 300546 303900 306206 308222 308272 311418 312361 312680 
314427 316218 318592 321318 323886 327241 327551 329027 329091 330972 
332490 332888 335581 338505 339801 340052 341700 342726 345153 348182 
350824 351102 353212 353326 354951 357649 357912 360388 360589 361956 
363518 363876 366140 366980 367864 368344 369843 370284 372630 373317 
375498 377732 379808 381833 381942 383894 385251 386456 387739 387833 
388792 390611 391299 391925 392748 394639 394955 395896 397670 398300 
398882 398944 399901 401034 401997 402504 403202 403420 403854 405079 
405437 406609 407323 407669 408062 409703 411431 413170 413201 414762 
416251 416858 417081 418538 420043 421186 421401 421638 421908 422756 
423305 424282 425692 426352 427729 428774 430078 430837 430889 431717 
432073 433374 434112 435111 435542 436607 436678 436756 437331 437442 
438610 438931 439560 440040 440177 440685 441800 442402 443492 443778 
443879 443956 444740 445228 445577 445798 445860 446898 447452 448062 
448329 448987 449189 449716 450420 450613 450878 451233 451382 451690 
452556 452730 453269 453787 454365 454408 455253 455397 455799 456413 
457147 457214 457840 457987 458481 459043 459297 459948 460251 460904 
461319 461353 461588 462047 462635 462772 462823 463326 463966 464605 
464640 464641 464993 465591 465753 465800 466094 466239 466819 466894 
467527 467678 468285 468741 468939 468960 469109 469432 470024 470585 
471082 471561 471788 472270 472604 472622 473019 473257 473543 473627 
473878 474284 474763 474959 475037 475473 475542 475761 476050 476252 
476465 476609 476917 477122 477251 477484 477769 478026 478433 478530 
478751 479066 479297 479435 479459 479695 479942 480054 480391 480584 
480632 480707 480805 480974 481041 481335 481440 481781 481901 482093 
482426 482598 482931 483218 483358 483589 483646 483717 483882 483918 
484136 484183 484208 484395 484438 484462 484549 484605 484889 485135 
485146 485150 485393 485517 485796 486063 486340 486529 486650 486790 
486996 487002 487186 487432 487502 487677 487687 487704 487891 488048 
488146 488220 488434 488610 488664 488740 488868 488999 489056 489133 
489280 489417 489552 489666 489691 489746 489840 489857 489864 489884 
490035 490067 490168 490314 490330 490369 490467 490601 490774 490801 
490865 490939 490953 491032 491160 491320 491470 491501 491599 491703 
491820 491944 492081 492151 492290 492312 492408 492426 492482 492554 
492638 492646 492768 492775 492873 493013 493087 493126 493190 493265 
493331 493448 493450 493537 493549 493671 493795 493826 493845 493934 
494005 494103 494196 494226 494245 494290 494363 494461 494552 494570 
494573 494598 494636 494718 494784 494808 494869 494889 494933 495004 
495073 495168 495233 495286 495300 495372 495462 495516 495525 495607 
495623 495704 495770 495799 495852 495905 495954 495990 496057 496058 
496062 496133 496208 496208 496218 496288 496307 496352 496391 496443 
496503 496571 496624 496676 496695 496699 496702 496738 496747 496769 
496800 496851 496889 496913 496938 496939 496996 497050 497085 497106 
497139 497195 497202 497209 497214 497250 497250 497286 497295 497300 
497321 497339 497384 497411 497456 497492 497494 497517 497551 497587 
497599 497643 497667 497687 497723 497762 497780 497818 497835 497855 
497875 497910 497915 497920 497924 497962 497972 497982 497993 498008 
498019 498045 498059 498090 498097 498115 498127 498158 498158 498166 
498191 498205 498222 498234 498244 498259 498265 498283 498286 498300 
498309 498310 498333 498333 498339 498358 498370 498379 498404 498428 
498444 498472 498479 498492 498493 498502 498505 498526 498542 498564 
498581 498599 498615 498630 498632 498647 498664 498676 498683 498695 
498711 498725 498730 498731 498749 498768 498783 498796 498807 498825 
498828 498850 498868 498886 498898 498900 498913 498917 498921 498932 
498949 498963 498981 498998 499011 499012 499013 499017 499035 499039 
499045 499061 499062 499070 499074 499089 499099 499109 499116 499124 
499134 499146 499148 499156 499169 499181 499184 499195 499206 499215 
499221 499222 499225 499233 499246 499252 499262 499273 499273 499274 
499287 499296 499307 499316 499319 499328 499340 499347 499354 499360 
499371 499382 499391 499400 499409 499418 499421 499422 499425 499434 
499435 499445 499446 499456 499465 499466 499472 499473 499479 499483 
499484 499493 499495 499498 499505 499510 499516 499516 499520 499526 
499534 499536 499542 499542 499544 499550 499556 499558 499561 499568 
499570 499571 499576 499577 499579 499580 499585 499588 499594 499595 
499599 499606 499607 499609 499609 499613 499618 499618 499623 499624 
499627 499629 499633 499639 499639 499639 499644 499650 499655 499659 
499664 499666 499666 499667 499667 499667 499671 499674 499679 499683 
499687 499689 499689 499692 499695 499695 499696 499696 499698 499702 
499703 499704 499707 499709 499709 499709 499710 499710 499711 499715 
499719 499719 499723 499726 499730 499730 499732 499733 499735 499736 
499738 499742 499744 499746 499748 499748 499748 499751 499754 499754 
499756 499756 499757 499760 499763 499766 499768 499771 499774 499776 
499777 499780 499783 499786 499789 499790 499792 499795 499795 499797 
499800 499801 499801 499801 499803 
7 15
8820 17987 25155 28100 31543 35373 35788 
819 44
1053 10987 17398 25780 25910 34520 36176 43650 51261 55703 
59873 65089 66931 72361 78984 86832 87968 88166 92472 95467 
96433 98996 102531 109721 114324 119587 126908 133078 137968 142098 
148919 151478 157007 161720 167956 169255 175097 178117 180487 180954 
181485 184712 190048 192754 194144 198543 200577 201547 205040 207990 
212643 216929 217687 221263 221345 224305 227060 229689 231056 236058 
237109 240889 243836 245737 250129 251936 255810 258795 260752 264936 
266535 269738 272050 273933 277441 278166 279775 280358 283305 285225 
286551 287674 289556 291641 293393 294541 297724 301471 302562 305522 
306148 309034 311304 311391 314868 315735 319299 321765 322211 322433 
322894 326146 327915 330488 332034 332415 332906 334260 335662 336677 
338420 341350 341496 344621 346895 346896 349373 351478 354403 355742 
357431 358360 359859 360296 362443 364725 366108 366414 367332 369066 
371403 373691 373774 375216 376685 378413 378703 379320 380216 381007 
381711 383360 385503 386804 387557 388934 390448 390966 391710 392037 
393983 394432 394671 395287 396454 397826 399232 401034 401771 403113 
404236 404955 406828 407225 407438 408853 409160 410564 411074 411965 
413274 413701 414638 416047 417516 418487 419898 420526 421665 422832 
424071 424927 426086 426692 427896 428003 428106 429310 430535 430921 
431974 432269 433397 433574 434609 435395 435915 437048 437858 437862 
439029 440002 440370 440740 441681 442391 442465 442670 443400 443512 
444369 444609 445247 446101 446783 447339 447361 448165 448720 449294 
449836 450800 451140 451417 451785 451909 452423 453352 453628 454547 
455214 455234 455440 456227 456276 456492 456875 457159 457330 457368 
457826 458460 459138 459854 459902 460517 461137 461603 461899 462336 
462378 462950 463169 463876 464536 464637 464836 465075 465712 465948 
466520 467138 467158 467309 467448 467861 468268 468386 468577 468675 
468719 468888 469059 469218 469674 469954 470244 470624 470964 471269 
471577 471817 472316 472501 472831 472832 473369 473472 473606 473756 
474161 474293 474472 474570 474883 475105 475113 475183 475189 475547 
475859 475888 475965 476118 476216 476614 476824 476986 477183 477409 
477668 477692 477902 477928 478243 478379 478783 478971 479195 479478 
479773 479968 480074 480334 480462 480697 481073 481153 481198 481206 
481479 481700 481987 482304 482567 482743 482838 482867 482976 483271 
483469 483670 483905 484214 484371 484436 484698 484722 484891 484994 
485066 485177 485442 485549 485563 485753 485935 486160 486195 486218 
486428 486556 486585 486613 486728 486865 486983 487029 487049 487259 
487472 487628 487668 487828 487898 488099 488291 488324 488330 488450 
488635 488679 488779 488924 489073 489080 489158 489184 489379 489469 
489650 489805 489843 489901 490084 490190 490291 490367 490383 490499 
490615 490638 490750 490803 490807 490900 490903 491027 491079 491153 
491326 491447 491518 491528 491549 491672 491815 491841 491857 491999 
492134 492188 492267 492387 492518 492630 492749 492792 492799 492919 
493012 493150 493206 493289 493338 493406 493517 493555 493643 493670 
493697 493726 493759 493817 493864 493967 494068 494165 494249 494340 
494369 494404 494453 494534 494592 494654 494756 494786 494870 494901 
494957 495032 495073 495148 495221 495226 495292 495329 495396 495418 
495483 495544 495595 495628 495641 495716 495743 495780 495831 495890 
495900 495953 496014 496055 496123 496194 496230 496247 496279 496309 
496324 496335 496391 496432 496450 496487 496518 496524 496542 496602 
496642 496677 496711 496717 496759 496813 496842 496893 496927 496956 
496980 497025 497045 497093 497119 497124 497167 497221 497252 497296 
497336 497362 497406 497451 497461 497485 497486 497486 497488 497488 
497489 497520 497567 497567 497580 497585 497597 497597 497613 497651 
497668 497671 497698 497728 497770 497802 497843 497866 497906 497937 
497943 497965 497983 498021 498054 498083 498095 498113 498130 498156 
498174 498208 498233 498247 498268 498301 498313 498329 498339 498356 
498387 498403 498422 498424 498453 498456 498461 498471 498492 498521 
498535 498554 498566 498591 498608 498618 498643 498666 498689 498689 
498689 498696 498703 498709 498731 498755 498774 498792 498804 498804 
498816 498836 498850 498870 498874 498887 498898 498908 498912 498931 
498943 498951 498957 498960 498968 498974 498992 498999 499015 499027 
499037 499044 499061 499065 499074 499078 499085 499096 499103 499106 
499106 499111 499127 499132 499145 499148 499162 499162 499169 499182 
499197 499201 499209 499217 499221 499233 499245 499254 499259 499262 
499268 499270 499276 499280 499292 499301 499304 499307 499315 499317 
499323 499332 499340 499351 499363 499365 499370 499381 499390 499400 
499401 499402 499412 499415 499425 499427 499436 499442 499450 499455 
499463 499464 499466 499475 499484 499489 499492 499497 499501 499506 
499512 499515 499522 499526 499533 499538 499539 499540 499546 499550 
499556 499561 499561 499567 499570 499571 499572 499576 499579 499582 
499588 499595 499599 499601 499605 499607 499612 499615 499615 499616 
499619 499623 499623 499625 499625 499626 499627 499630 499635 499637 
499641 499647 499649 499649 499652 499652 499657 499658 499661 499661 
499661 499666 499668 499670 499673 499676 499676 499678 499678 499679 
499679 499683 499688 499689 499690 499692 499693 499694 499697 499698 
499701 499704 499706 499709 499712 499712 499713 499717 499719 499722 
499725 499729 499731 499734 499738 499739 499740 499743 499745 499748 
499751 499751 499753 499753 499755 499755 499757 499759 499759 499760 
499761 499762 499763 499763 499765 499767 499768 499769 499770 499773 
499773 499776 499779 499779 499781 499784 499784 499785 499787 499787 
499790 499790 499790 499793 499795 499795 499795 499797 499799 
193 32
9409 12587 16471 21329 22807 25360 30433 31737 34816 35625 
42222 50182 54102 57920 58264 63282 64612 68601 69137 70592 
78758 79065 87270 87679 93357 98710 104450 111548 113986 118749 
121021 123731 125630 128968 130507 136347 142703 144843 151500 151816 
157851 158953 161717 165121 170872 172815 178121 178466 184319 190015 
191379 191442 192691 198754 203386 205223 208768 211575 214757 218848 
224321 226987 227423 228175 231728 236376 240360 241363 244931 246230 
247503 251179 252074 252580 254464 257509 260147 260340 264129 268420 
269605 271186 271556 275477 277458 278426 282522 286586 287166 291066 
293080 296404 296950 300052 300350 300430 300750 301747 301919 303974 
306525 309924 313333 316560 316971 317729 319607 322619 323026 323750 
325784 328590 331413 333202 333220 334473 336239 337539 338809 339071 
339669 341953 343369 345683 346223 347622 348866 350625 352039 354561 
357407 359718 360716 361219 363140 365725 367086 369101 371295 372235 
373448 375271 375666 375868 377838 379016 379618 380035 380070 381524 
383507 384184 384856 386400 386921 388581 388661 390163 392184 394091 
394748 395942 396973 397177 399056 400588 400719 401654 402554 403032 
404854 405091 405702 407535 409273 410771 411764 411806 412859 414533 
414945 416117 417583 418987 419553 420807 421797 423334 424427 425238 
426032 426708 427257 
587 74
6877 10880 14625 23728 26551 29549 37127 42682 51495 60138 
62379 66086 71598 76457 76843 82420 88983 89459 96523 102789 
106489 111774 117371 119063 124917 126809 131909 138364 138456 144656 
149417 152164 153782 159421 163004 166314 172817 176726 176830 180630 
186556 190201 191841 193210 198977 201159 207010 211572 211925 212006 
214123 214779 215404 216191 219265 219404 223537 224365 225049 226268 
230610 235482 236810 241369 242473 245096 248492 251491 255154 257477 
259289 263599 265159 268848 271362 271385 274534 274970 275586 276584 
279272 279923 280229 284195 288230 290997 293430 293878 297437 299079 
301482 302436 304380 307085 308451 308505 310215 311031 311757 314546 
317504 317623 320122 321727 325103 325884 327859 330655 330907 331912 
334957 337362 340531 341868 342070 343695 343758 344668 347141 347386 
348640 350781 351558 353348 353374 354516 357139 357886 359154 359933 
362441 362485 362526 363436 365612 368072 368409 369156 370584 371087 
371935 372476 374941 376016 376449 376856 377539 379503 380121 381519 
383558 385649 387512 389273 391077 392162 392730 394394 394698 395557 
396777 398174 399558 400327 401890 403754 404959 406510 408025 409106 
409341 410463 410586 411154 412214 413332 413797 414338 415765 416498 
417082 418359 419747 420213 421715 422161 423177 424597 425583 426842 
427026 428436 429529 430922 431317 431794 433097 434217 435017 435873 
435880 436580 437737 438408 438487 439669 439689 439957 440675 441721 
442436 443184 443936 444837 444994 445889 445903 446124 446210 447016 
447828 448693 448927 449743 449987 450550 451230 451931 452608 453321 
453854 454439 454787 455194 455594 456063 456414 456683 457251 457458 
457751 457994 458443 458555 459298 459401 459867 460434 461204 461308 
461375 461539 462138 462722 463205 463700 464400 464736 464950 465430 
466042 466123 466484 466883 467446 467820 468071 468235 468427 468610 
469202 469717 469927 470365 470787 470791 471212 471290 471760 472227 
472249 472489 472639 473153 473469 473663 474080 474562 475015 475466 
475943 476138 476442 476521 476973 477017 477143 477220 477323 477575 
478000 478427 478477 478479 478679 478798 479124 479158 479462 479491 
479604 479979 480237 480321 480355 480525 480886 480903 481053 481338 
481394 481552 481701 481716 481884 482119 482194 482390 482717 482925 
482950 483209 483400 483475 483665 483777 483949 484100 484164 484307 
484392 484502 484623 484677 484801 485047 485246 485463 485711 485772 
485947 486144 486414 486554 486629 486834 486866 486936 486990 487047 
487163 487241 487485 487631 487827 487941 488025 488136 488301 488526 
488532 488631 488639 488721 488852 488859 489029 489031 489140 489177 
489181 489262 489373 489526 489727 489733 489911 489936 490079 490186 
490341 490531 490569 490660 490745 490828 490958 490995 491011 491185 
491314 491385 491395 491534 491681 491806 491853 491876 491877 491883 
491942 492051 492154 492298 492451 492561 492683 492762 492800 492888 
492958 493084 493138 493166 493175 493212 493326 493373 493489 493567 
493583 493697 493710 493816 493927 493974 493978 494067 494118 494224 
494260 494366 494430 494432 494526 494595 494631 494668 494719 494774 
494844 494845 494873 494914 494927 495012 495087 495175 495182 495240 
495286 495367 495378 495454 495519 495606 495669 495674 495734 495805 
495850 495911 495982 495985 496053 496125 496195 496243 496289 496309 
496337 496403 496455 496467 496533 496551 496579 496628 496652 496704 
496726 496733 496787 496807 496849 496911 496966 496980 497032 497061 
497083 497120 497144 497148 497194 497223 497250 497261 497274 497304 
497356 497396 497433 497465 497481 497512 497551 497591 497622 497631 
497676 497699 497702 497710 497736 497750 497792 497803 497818 497849 
497861 497869 497894 497898 497935 497936 497950 497959 497962 497966 
498004 498016 498051 498084 498118 498142 498145 498160 498192 498203 
498209 498231 498254 498257 498286 498315 498320 498343 498365 498368 
498396 498404 498404 498406 498413 498426 498427 498453 498457 498464 
498465 498478 498489 498494 498516 498526 498544 498565 498576 498587 
498593 498615 498626 498630 498653 498669 498678 
453 57
3383 12308 20301 25235 32100 32330 32920 34760 35344 36665 
44012 45284 52916 54737 54819 56911 58686 61240 66957 70114 
77610 85666 93329 94876 95875 96043 101365 101989 106521 114193 
120365 121725 125657 129727 133987 138590 138767 139667 142844 147235 
149663 154413 158576 162522 165212 167177 169024 171602 172764 175078 
175848 176145 181338 181775 186142 188687 190004 193899 194881 200978 
202661 207285 208698 213111 218393 218588 220568 221199 226536 231561 
233206 238002 238385 242592 246149 249793 251317 252729 255367 257058 
258238 262058 266222 269594 269766 270868 272490 275773 276517 278339 
281824 282804 285974 286531 290022 290025 292547 295706 298524 299453 
302122 305145 308933 310668 311422 314555 318190 319835 321918 322907 
323181 323866 324844 327297 329325 330110 332278 333082 334905 337878 
338350 339102 340180 342940 344001 345000 346452 346539 347413 348967 
350401 351299 352681 354941 355749 358517 361155 363898 364471 365305 
366608 367274 369617 371427 372083 373420 375258 376952 379033 379252 
380479 382603 384734 386754 386886 387699 387724 388957 389234 389571 
391397 393459 393519 394211 394682 396425 397278 399205 400949 402811 
403836 404070 404352 406251 406711 407154 407550 408856 410323 411251 
412934 414130 414166 415701 416591 416968 418133 418601 420209 420327 
421339 422604 423509 424011 425161 426329 427029 427264 428652 428895 
428976 430321 431191 431271 431731 432613 433170 433573 434877 435979 
436738 436949 437433 438261 439233 439611 440317 440319 440327 440484 
440810 441214 441352 442055 442182 442588 443292 443948 444252 445121 
446188 446908 447267 447517 448172 449022 449245 449857 450405 450506 
450819 451800 452201 452752 453486 453971 454720 455399 455902 456321 
456465 457115 457256 457986 458685 459380 459392 459509 459657 459725 
459755 460187 460756 460992 461416 461478 462175 462250 462838 463336 
463352 463889 464150 464396 465064 465385 465442 465498 465880 465886 
466511 466815 466982 466984 467460 468051 468135 468393 468497 468730 
469159 469444 469964 470523 470859 471406 471963 472501 472617 473056 
473318 473781 474148 474341 474486 474995 475357 475364 475757 475842 
475952 476316 476560 477008 477318 477498 477775 477915 477954 478303 
478425 478518 478734 478989 479363 479369 479676 479803 480105 480456 
480610 480829 481017 481333 481671 481741 481991 482245 482374 482593 
482829 483168 483474 483668 483929 483964 484274 484423 484657 484962 
485101 485384 485594 485645 485731 485753 485889 485904 485933 486030 
486080 486124 486317 486544 486654 486756 487000 487257 487415 487542 
487582 487757 487997 488076 488145 488289 488330 488526 488706 488725 
488923 488984 489203 489390 489507 489552 489642 489679 489772 489856 
490027 490160 490337 490516 490601 490746 490838 490906 490919 490922 
490976 491103 491146 491274 491389 491459 491464 491561 491620 491687 
491728 491862 491910 491985 492120 492254 492280 492335 492470 492593 
492734 492798 492860 492944 492959 493062 493092 493144 493170 493215 
493331 493440 493529 493650 493761 493781 493843 493938 493976 494013 
494041 494088 494203 494227 494227 494324 494355 494456 494560 494567 
494621 494636 494742 
629 30
3797 9044 15816 17387 21675 22030 28708 29093 31760 37674 
43523 50131 51318 57301 62795 68647 70082 74271 76420 78943 
82642 86164 91245 93017 97815 103211 108589 111202 115647 121367 
125752 126429 131543 132867 135113 138108 142095 143821 149655 155342 
157162 161614 161865 166639 167786 172675 174118 179475 182578 184481 
189641 194530 196853 201676 204671 206251 210191 213414 216917 217810 
223194 228606 233799 238258 240459 243375 245669 247967 248704 250360 
251866 255054 257394 258322 259676 261015 265389 269397 271161 272806 
274947 277802 279714 284059 286018 290240 292524 295183 295427 297413 
299212 302393 303807 304208 306274 308937 310731 311098 311211 312801 
316282 319407 319669 320099 321304 323561 324117 324503 324902 327347 
330127 331773 334643 335196 337722 340743 343184 345435 345467 347689 
349476 349696 350772 353573 356475 356597 357181 358431 359611 361989 
363508 364999 366235 368879 369019 370824 372077 373356 374112 374628 
375944 376811 377565 378069 379075 380142 382369 383388 385574 387469 
387476 389302 390051 391660 392391 393322 394629 395932 397580 399184 
401157 401747 402142 402235 402948 403251 404280 405883 407664 407989 
408908 410147 410165 410729 411598 413067 414526 415877 416594 418050 
419205 419267 420447 421720 422402 422568 423384 424530 425007 425951 
426379 426510 427080 427202 427777 428313 429498 429837 430639 430639 
430872 431403 432187 433215 434033 434192 434380 434637 435083 435278 
436000 437122 438078 439160 439948 440495 440526 440794 441561 442155 
442417 443358 443857 444350 444579 445457 446471 446516 447198 448126 
449130 449713 449846 450457 450979 451289 452164 452890 453420 453704 
453869 454787 455312 456032 456098 456119 456745 456907 457445 458118 
458316 458339 459068 459303 459364 459451 459875 460098 460711 460897 
461079 461120 461509 461982 462319 462370 463037 463625 464153 464291 
464366 464521 464808 465502 466138 466748 467398 467493 467552 467767 
468357 468408 468744 468963 469501 469854 470162 470399 470550 470619 
470715 470883 471190 471703 471948 472196 472731 473116 473324 473539 
473960 474471 474956 475128 475608 475921 476317 476597 476856 476916 
477297 477572 477914 478218 478349 478771 479180 479584 479730 479979 
480165 480503 480624 480869 480971 481142 481375 481398 481492 481608 
481925 482270 482344 482346 482650 482671 482912 482953 483080 483217 
483377 483547 483563 483824 483908 484159 484202 484424 484472 484667 
484759 484962 485002 485100 485114 485210 485408 485562 485572 485816 
486041 486116 486333 486378 486648 486728 486836 487039 487296 487483 
487552 487665 487705 487929 487981 488195 488267 488450 488614 488637 
488769 488821 489023 489176 489321 489344 489499 489692 489817 489843 
489854 490007 490022 490064 490257 490389 490549 490732 490785 490820 
490958 491015 491085 491195 491250 491411 491561 491687 491780 491885 
492033 492055 492121 492122 492215 492352 492497 492574 492661 492755 
492835 492956 493044 493118 493243 493244 493370 493471 493582 493700 
493775 493878 493943 494057 494120 494164 494246 494278 494322 494322 
494343 494344 494426 494526 494535 494566 494618 494668 494732 494821 
494895 494982 494996 495006 495102 495144 495170 495193 495220 495275 
495281 495340 495351 495357 495369 495421 495470 495482 495502 495524 
495600 495685 495758 495838 495859 495908 495912 495960 495993 496043 
496097 496137 496194 496259 496309 496323 496365 496373 496437 496485 
496553 496585 496632 496638 496664 496683 496733 496778 496818 496877 
496911 496948 496980 497003 497025 497027 497070 497114 497134 497145 
497179 497208 497214 497250 497273 497282 497303 497324 497335 497337 
497340 497349 497397 497437 497446 497463 497507 497529 497567 497567 
497572 497604 497636 497661 497675 497677 497701 497716 497756 497788 
497798 497805 497814 497832 497844 497850 497879 497898 497912 497950 
497971 497978 497993 498018 498039 498039 498047 498053 498083 498104 
498116 498134 498169 498189 498213 498247 498266 498298 498318 498318 
498350 498361 498389 498391 498399 498426 498426 498435 498442 498449 
498456 498485 498510 498531 498533 498545 498557 498576 498579 498587 
498603 498608 498619 498631 498646 498657 498668 498681 498691 498695 
498703 498712 498731 498735 498739 498762 498763 498769 498772 498772 
498777 498794 498800 498808 498822 498831 498836 498841 498851 498872 
498884 498893 498896 498909 498923 498930 498940 498943 498957 
160 56
1823 8226 11243 16639 22590 25469 33418 42560 48939 53564 
56373 61588 61654 66648 71237 76573 83606 91352 91921 98822 
101918 105089 109159 110954 113852 117727 122200 125928 133115 137698 
138530 138911 141557 145221 149311 149586 156114 159156 165069 170808 
176490 182179 183852 188506 191635 194792 194841 196637 199964 200041 
204032 207697 212630 213741 216391 221515 224413 224621 227382 227696 
229687 230246 231535 236710 241214 245478 248883 251359 255020 256458 
260768 265527 269272 271688 273597 275632 275994 278851 282347 285447 
285688 285967 286090 289557 291942 295563 298563 300611 304095 306485 
309986 313640 316197 317434 319277 321285 323686 326008 328876 332296 
334588 335560 338459 340766 342649 343531 344558 346882 348862 350960 
352609 354571 357012 358162 358260 359197 361339 364090 364719 367273 
368193 370782 370870 371763 373225 374051 375124 376783 378147 378976 
381327 381539 382990 383977 386020 387903 388565 389363 389384 390566 
391189 392381 393716 394485 395263 396281 397924 398560 399006 400759 
401800 402343 403242 404590 405692 407529 407614 408252 408442 409845 

247 29
7322 14894 19822 24742 30094 30653 34754 41754 46347 48796 
53864 58992 59351 65163 70698 74028 74809 79429 80381 80929 
83866 87312 90482 97893 100915 102235 108647 110106 112302 115118 
119248 122339 126249 129213 134969 135125 138011 144696 151297 151847 
158112 159512 163667 167357 168664 174140 180529 183107 187052 190531 
192888 198767 202876 204763 207878 212334 216993 220557 221017 221771 
225486 227871 233230 237089 240757 245242 249563 251163 251415 252735 
252763 255113 255203 258589 259292 260234 260408 263106 263565 268231 
268498 272420 275293 279461 281099 281259 282904 286080 287922 288123 
289596 291098 292932 296434 298353 301469 304724 307162 310929 314278 
315152 315808 319226 320188 321992 325378 325956 328428 330911 331871 
333124 333148 334293 337249 338592 340043 340790 340832 340856 342439 
344745 346150 349201 351419 353164 354450 356279 356438 359295 360450 
361684 362638 362665 364667 366720 368206 368282 369751 372144 374299 
374491 375254 376524 376732 377354 378879 380195 380576 382427 383046 
383260 383536 384020 384683 385976 386745 388802 390704 391057 392824 
394557 394888 395164 396951 398216 399600 401280 403034 403118 403560 
404760 405368 406035 406305 407582 408408 408458 409100 409835 410756 
411167 411927 412409 413775 415028 416030 417286 417660 418599 418907 
419305 420414 421002 421472 422818 424116 425329 425639 426323 427005 
428381 428461 429629 430661 430713 431930 431983 432080 433415 434347 
434593 435558 436488 437196 438400 439250 439258 439717 440002 440919 
441871 442754 443446 443891 444276 445007 445933 446754 447268 448024 
448964 449740 450097 450964 451641 452320 452727 453439 454124 454949 
455342 455907 456552 457022 457350 457389 457998 