500
586 2576
911 2527
536 1359
207 990
324 3766
2134 4373
2657 2851
2459 2535
1639 4168
1896 2810
3215 4302
207 4163
1239 1643
3587 3904
1058 2205
1811 2678
2412 3377
321 4706
526 1418
2922 4845
191 2567
349 4355
1459 3874
2843 4427
49 296
2887 3533
1434 3803
888 2969
3145 4636
2562 4037
192 4513
3347 3736
339 4714
1388 4578
3114 4877
1050 3799
2295 2439
17 1053
732 3534
291 1503
2873 4706
828 3726
1369 3707
2640 3811
2111 4746
1104 3084
1297 4260
3354 3786
1850 4584
2549 3081
1573 2818
1762 4855
3464 4148
898 3064
3689 3830
2292 3186
1422 3292
1595 2356
2268 3340
2013 2286
440 3982
4439 4642
2316 2934
2215 2324
1575 2284
686 3643
408 3524
3858 4331
3619 3807
698 1976
4131 4613
1579 4592
3647 3747
515 4873
1837 2005
507 4975
3467 4761
1348 4698
2389 4263
2062 3036
1459 3229
916 2393
1365 1479
1040 4576
1714 1934
2678 4761
1639 3388
3208 4453
934 3762
829 4752
463 4759
496 3529
607 3858
1583 4197
1462 4609
9 565
1727 2991
2021 2734
2062 3728
2721 3167
327 3855
467 3959
318 1575
1139 3531
1791 2347
927 1260
793 2844
392 4491
2833 4925
2450 2472
1608 1641
1579 2078
886 2300
775 1016
1529 4347
2925 4007
184 192
1643 4099
83 3220
3239 4621
637 1039
1297 2495
2005 4399
4313 4640
2911 3261
260 788
2073 4294
3091 4888
725 2040
109 3367
1451 3191
1230 1382
3077 3932
17 4414
2571 4087
1284 2548
1731 4969
397 4534
826 3461
649 2420
2468 3740
2964 4706
2482 4562
1335 1774
1314 3253
945 3862
894 1171
1316 1416
689 1618
1068 3408
1296 1501
951 4169
2202 4839
354 711
382 1097
743 4259
3287 4517
4363 4877
1770 3568
760 3790
1003 2136
2028 4692
2686 3874
48 2982
3034 4888
1506 4288
196 798
1828 3372
1512 2454
1308 2292
2023 3593
4220 4240
2030 2309
1961 4186
1205 3536
1589 2158
44 1423
1299 4789
652 4329
1518 3666
1261 2693
1993 2252
55 3905
1076 2407
347 1831
665 4213
1191 1578
1394 1695
997 1629
541 4175
2244 4938
3373 4705
2490 3484
872 4849
241 2378
2686 4122
1278 2654
2027 4594
924 1922
87 232
2248 2573
3719 4457
476 1972
918 3555
3499 4415
1014 1195
3919 4115
1401 4462
2396 4126
174 4191
368 2833
66 1391
1856 2972
2782 2873
3605 3633
820 1172
1467 2007
526 2187
3518 4081
587 3545
328 3567
325 1502
1902 4199
2241 4116
2619 3790
531 1176
4253 4639
457 3161
264 1786
1438 3579
367 4797
875 4854
509 2645
1739 1902
762 3845
141 4385
3014 4679
3513 4194
283 3343
833 3919
2915 4455
204 3165
2221 3077
311 3407
795 3648
1845 2468
1276 1809
1380 3311
6 2310
869 1182
3877 4417
173 3877
600 4276
2180 2750
2453 3838
683 1497
1322 3258
2855 3054
375 1081
3551 4572
1925 2364
1696 2392
2842 3057
1470 1505
727 2123
2136 2836
939 980
21 2016
1994 2447
1428 3075
1438 1776
2065 3642
2488 4160
3367 3460
603 4243
1130 3005
2926 4381
89 735
91 1854
2387 3233
269 4819
1407 3964
2726 4451
807 2952
868 2961
4031 4348
100 1853
3593 4744
1030 4593
328 4230
570 813
409 4585
595 2063
2526 4412
3583 4415
1794 1807
423 2374
168 1984
1492 2713
1254 4169
4085 4830
1729 2719
51 3447
691 3327
2178 4813
1378 2095
1695 3725
1401 3475
3636 4299
921 4870
723 3547
4359 4466
4065 4115
1032 4123
1792 4781
762 3416
4022 4993
2380 4153
40 2244
3088 4538
1675 3001
1735 2150
449 4298
531 3368
475 3697
3087 3588
1366 3046
93 4054
645 1236
1651 3508
2741 3551
1376 1730
2095 4786
1728 2671
1921 4257
2153 2829
1058 4979
292 1745
2301 3291
1250 1861
1147 4691
251 4571
1348 4161
238 3112
700 2278
792 3090
4384 4423
1247 4978
4047 4652
47 3698
2674 3811
131 2707
688 1187
958 4160
3526 4097
920 3584
22 819
2038 4364
3332 4756
3056 3101
1095 2894
1809 2167
3580 4423
1176 2322
4432 4666
2143 4068
1045 1907
1302 2587
1573 4849
544 705
4395 4545
201 805
168 359
1486 2036
2638 3474
3844 4389
1979 3888
4465 4568
2988 3215
1340 4479
2922 3219
2017 2354
903 2854
1976 4788
3001 4354
1990 2499
2714 3372
402 1078
4751 4924
1691 2536
2239 4739
1249 4926
1226 1781
3653 4928
390 3773
1075 3946
2941 3387
2192 4547
956 4564
493 540
2542 3242
713 4125
1168 2868
817 4911
2406 4105
536 1961
2767 3758
660 1862
1026 2211
774 2316
1770 4313
641 3236
593 4009
643 2124
127 3170
2226 4972
211 1046
1122 2108
2383 3825
1485 3006
7 2684
1014 2239
1520 2510
2432 3312
3260 4563
981 2978
530 4066
478 615
564 3771
3014 4826
1467 4113
2127 4579
2645 4112
626 911
384 4070
4537 4909
103 3205
807 1544
2410 4791
1595 3662
3201 3270
937 2594
1035 4738
2340 3976
143 2202
3607 4679
1058 3244
1987 4948
3958 4754
3669 3899
1324 2742
1207 2002
2560 4335
781 806
1069 1124
1606 4800
3588 3735
2435 2650
1927 2199
1068 4062
204 3675
2254 4114
902 3931
289 915
3066 3915
679 4395
865 2905
1611 2719
211 214
482 3208
3848 4740
2152 3329
2702 4256
3675 4162
3099 4498
954 3101
2736 4892
2444 2843
318 659
3906 4860
1557 3305
4248 4489
2172 3561
2682 4616
1579 2723
394 1939
2077 2338
944 3761
2072 3322
2679 4263
2701 4874
62 490
918 4802
1921 2259
457 4519
465 4351
1607 2485
1761 2420
1946 3610
3613 3930
