39
618 -865 446 608 191 988 290 734 -724 750 840 272 -688 158 858 336 247 972 886 129 461 900 328 840 800 120 39 530 -948 974 600 190 -972 24 760 118 784 714 980 
-968 457 217 180 -124 853 652 288 455 -106 900 904 808 425 -91 708 466 912 745 444 400 194 345 600 -792 987 723 905 80 42 834 174 806 700 368 404 700 328 822 
-596 375 -828 633 795 636 558 -119 196 875 629 598 345 201 0 758 168 550 880 536 680 15 928 536 564 -830 -493 453 402 87 336 350 -414 850 164 384 640 615 630 
508 32 32 475 304 -662 520 0 965 284 -180 292 960 -229 200 924 145 569 768 480 -870 755 -675 880 12 -453 700 844 524 16 105 959 260 942 671 340 398 432 524 
612 490 720 -96 701 660 228 -395 504 274 800 235 329 140 -845 330 190 318 -198 253 -40 683 265 192 -502 496 516 948 224 11 39 450 109 785 697 -268 816 650 740 
712 410 198 108 753 776 992 594 60 620 296 705 316 985 31 575 424 292 200 21 -430 253 165 244 -852 497 994 -315 870 652 360 504 228 830 886 760 720 381 322 
724 969 8 -652 218 64 -609 782 940 -854 216 -976 998 725 479 424 280 512 833 197 296 918 616 408 154 890 -376 56 792 126 168 -576 470 -50 33 698 424 -344 768 
694 136 -52 320 849 336 174 216 -707 52 874 -224 693 693 682 856 760 728 -420 362 924 715 708 225 606 756 240 27 992 510 782 896 925 518 337 596 32 -835 217 
480 484 320 98 218 17 848 -632 975 280 800 596 860 720 -709 320 400 -520 355 200 675 -10 70 -125 696 870 778 -763 372 -379 -74 930 -381 600 435 766 451 -473 -244 
504 690 -169 164 776 999 270 14 517 917 828 534 -344 873 274 715 508 304 300 500 32 879 638 696 880 867 216 913 -347 784 -69 99 -218 670 256 -304 18 334 681 
666 622 40 238 104 678 320 432 616 574 718 912 -452 680 488 952 532 502 852 616 725 116 -875 365 74 594 640 750 360 -672 172 347 81 52 409 60 342 547 828 
242 519 -243 71 732 136 622 868 150 854 550 640 572 520 988 712 105 -570 188 976 204 -736 300 44 371 230 524 312 416 800 43 862 556 820 531 250 926 72 -882 
360 182 -459 456 405 360 80 180 868 337 356 538 506 892 376 216 -285 48 399 212 757 230 596 878 758 576 740 336 665 700 707 442 277 350 24 11 975 903 271 
736 0 805 762 356 132 616 14 60 906 548 425 405 480 847 960 944 -236 -70 730 312 662 85 586 534 400 705 -356 696 568 1 784 397 902 965 -635 720 258 -285 
-970 920 15 520 570 520 641 132 656 301 952 945 328 693 168 384 304 804 190 172 373 788 816 457 884 91 900 680 264 900 3 767 60 308 -825 212 916 540 32 
326 462 712 685 407 248 678 790 858 710 272 47 198 93 126 -50 227 860 674 424 865 640 578 68 634 845 -904 416 948 189 183 301 248 425 706 -244 246 613 816 
-562 -703 606 36 462 351 812 -628 514 -676 918 122 848 878 797 110 645 180 430 398 -412 250 552 520 680 -560 920 429 491 142 196 192 840 567 816 -744 899 588 440 
-770 474 212 295 944 760 -677 -160 302 710 663 705 80 786 791 131 593 130 -721 -558 480 325 390 -428 72 115 -306 290 755 332 229 615 0 -370 56 349 728 774 88 
143 104 576 160 592 183 247 892 885 675 896 650 340 820 394 642 588 805 568 616 -800 893 892 720 540 990 240 782 -73 -48 808 537 681 -192 -304 961 645 28 -292 
437 130 460 56 214 504 247 856 516 600 736 60 105 -109 392 884 -288 260 486 608 208 510 654 465 510 216 698 228 327 660 735 333 988 418 944 -696 912 375 35 
920 604 -358 916 724 48 355 -892 598 820 816 102 868 428 344 652 373 498 500 -30 588 -460 281 -124 544 520 972 506 394 934 173 830 175 456 704 631 -224 80 616 
479 260 320 512 -68 -20 -955 831 436 605 640 470 916 -856 758 280 519 512 862 390 908 200 -504 900 252 488 -276 -152 943 355 184 544 685 120 420 711 -775 398 800 
16 216 992 616 210 550 153 602 688 424 -228 868 215 -620 776 748 751 817 760 -770 800 638 -792 304 205 832 568 243 -784 862 54 901 -224 448 152 734 796 900 654 
345 726 383 116 -112 393 198 780 512 148 272 320 418 588 260 588 964 127 740 -678 812 714 539 758 19 356 872 199 504 -660 -560 180 214 100 170 740 -739 -246 -191 
418 128 16 -334 868 178 924 45 871 -362 -138 360 625 910 685 -838 254 500 960 -232 694 688 121 44 680 223 979 -650 880 300 636 449 400 -377 127 473 627 134 129 
176 584 529 660 -680 662 10 245 800 908 330 315 -40 839 200 383 793 780 20 756 178 786 600 692 -720 880 728 900 400 948 232 656 640 630 224 -202 -270 874 176 
-730 796 828 940 681 143 194 -6 804 230 938 288 523 264 488 -526 264 432 616 68 -274 670 356 856 -485 464 -245 892 612 335 822 112 472 664 160 840 525 956 176 
896 504 227 560 350 791 265 355 -814 715 0 978 -156 560 835 568 500 252 18 134 75 35 228 440 954 427 -209 456 480 960 246 988 -264 185 280 890 660 467 34 
372 557 790 0 375 187 944 331 261 -808 -97 -501 439 975 861 280 603 773 -350 -25 -146 -872 -784 514 810 800 -352 404 673 -240 787 125 316 264 -118 261 976 -730 680 
810 747 -310 -588 100 750 818 232 -896 -732 591 768 405 346 -351 375 496 530 -735 551 250 16 -438 320 0 744 667 176 363 219 875 910 392 292 350 230 594 -400 582 
250 -562 0 439 580 768 770 -496 556 45 936 584 885 285 175 388 762 273 97 924 408 482 338 26 886 760 765 174 91 931 150 693 488 104 892 400 -178 300 425 
465 580 594 250 399 944 620 -990 360 -814 597 476 -968 564 22 631 760 560 80 752 577 44 371 894 126 940 894 220 208 724 -120 568 -195 908 276 640 160 10 -303 
136 609 -996 -45 707 490 -351 414 480 -541 105 -726 204 616 327 -596 304 384 720 550 684 -320 80 382 416 310 486 228 -760 375 72 348 -543 850 0 264 725 168 892 
398 507 298 800 541 250 640 -992 528 621 192 236 240 184 144 929 440 579 844 50 700 840 168 990 220 14 980 844 676 -690 852 -186 184 370 668 880 600 888 791 
-218 125 -973 -80 150 994 -40 112 58 290 204 108 205 -880 741 823 482 -820 452 112 430 830 794 621 520 112 471 692 680 124 210 -537 -218 26 698 630 202 -56 832 
925 530 788 -56 573 745 150 89 376 -816 409 -969 230 756 484 -510 595 240 819 584 0 -518 -263 -416 272 -802 720 772 574 124 515 317 16 735 176 374 720 30 780 
649 959 901 638 872 152 37 840 911 170 296 477 731 520 -275 -659 865 708 960 960 900 565 520 -537 789 410 620 952 472 -300 960 -726 796 200 27 691 722 557 564 
208 500 438 99 706 699 270 917 61 -263 931 550 36 744 464 233 560 -425 159 52 700 510 800 415 243 26 783 160 -336 444 -75 569 240 641 538 270 -7 943 812 
942 354 879 1 372 133 360 730 475 508 364 -276 512 8 446 328 52 252 771 278 968 256 30 64 962 -40 680 -416 442 720 515 438 -738 472 849 384 42 232 -835 
