800

37 53
3 72
74 49
4 90
7 68
60 32
90 46
58 41
63 17
24 50
29 93
78 79
82 63
25 35
50 30
18 55
40 84
8 59
31 14
14 5
24 76
81 41
6 96
37 47
76 64
76 34
89 67
68 58
76 57
22 46
43 99
54 47
84 82
56 13
91 42
15 89
73 42
80 57
23 47
89 56
57 46
74 1
24 29
87 69
18 32
67 78
77 56
33 99
92 85
42 73
81 93
42 53
6 16
22 51
77 89
17 17
69 44
77 61
27 78
56 42
68 70
90 97
25 72
47 13
41 64
91 62
21 91
22 55
16 2
98 80
15 28
67 58
84 38
85 72
83 78
83 59
47 13
94 91
6 12
73 42
43 66
87 28
14 71
37 54
24 69
73 52
49 90
89 33
13 14
57 32
17 29
52 13
39 53
56 57
25 71
12 99
95 67
33 50
74 38
83 44
81 43
20 99
47 68
14 30
26 59
24 46
42 57
31 97
18 52
38 95
92 19
40 91
58 78
99 89
19 65
17 77
50 98
30 38
87 45
17 84
68 91
80 30
42 88
17 9
20 37
35 17
22 42
12 81
30 25
80 41
31 95
17 97
95 23
29 21
99 16
33 11
96 78
19 36
44 28
90 91
9 76
65 67
69 7
81 99
43 3
71 39
77 90
69 80
75 69
55 56
55 21
98 91
17 80
44 72
21 88
35 88
70 99
54 44
25 26
4 14
50 40
88 31
31 17
20 6
7 80
30 34
4 80
16 11
90 11
98 48
96 30
16 82
68 52
38 57
60 27
30 67
88 91
88 6
93 82
94 94
97 93
36 66
90 19
93 36
91 56
62 46
89 89
63 47
70 86
51 74
76 4
87 93
64 28
92 77
35 65
69 23
96 94
68 58
75 63
38 32
67 95
39 50
59 49
22 54
68 76
88 54
50 97
93 79
23 77
85 5
92 7
83 86
6 92
10 73
16 50
82 16
44 50
26 3
47 33
89 63
89 93
89 55
12 3
14 70
88 16
21 29
95 16
49 78
77 38
38 98
39 18
27 83
39 35
47 56
35 77
24 37
27 33
40 82
72 26
33 4
15 97
43 42
53 88
3 52
40 56
65 9
74 2
30 93
85 42
83 58
94 11
55 9
5 82
11 51
9 50
50 77
76 91
35 83
42 54
36 55
79 89
50 26
50 8
34 43
96 82
90 37
68 71
4 73
31 10
79 87
35 99
52 9
64 88
22 36
71 87
65 32
59 70
23 50
64 42
40 16
37 89
28 63
97 95
50 87
94 42
27 60
26 33
87 21
49 62
4 62
10 24
29 50
90 83
56 24
6 49
75 28
89 13
31 58
85 58
27 3
96 58
16 25
94 11
61 56
85 74
20 1
74 61
9 37
68 94
36 70
77 20
24 46
95 14
81 4
35 95
32 26
18 77
71 47
2 99
22 10
40 83
70 78
16 48
69 12
13 57
87 14
9 51
7 54
91 23
9 26
7 40
14 20
9 83
40 25
75 56
56 42
96 80
69 47
1 71
51 8
61 4
88 64
67 63
9 71
12 50
56 19
26 67
53 63
69 49
47 68
99 5
53 83
61 40
68 75
44 30
6 99
45 4
95 39
5 44
59 75
92 29
88 51
44 43
46 21
84 28
56 16
85 49
5 83
77 30
55 98
2 20
78 46
81 96
76 30
84 8
12 57
45 29
81 59
84 21
16 12
35 48
40 74
44 10
32 41
38 95
59 15
67 25
72 90
73 65
44 23
68 56
52 89
44 65
85 37
40 48
19 66
50 80
18 44
23 4
15 5
25 51
90 92
99 86
91 18
9 31
23 5
57 83
23 26
13 90
67 22
74 62
4 97
44 65
50 96
39 68
30 39
38 21
35 60
62 3
27 37
33 57
15 28
18 71
34 78
60 31
68 75
19 23
10 36
23 86
81 96
48 34
47 55
96 69
91 83
23 31
73 33
72 15
66 76
25 28
53 60
84 58
9 95
43 48
77 26
73 36
62 14
74 85
49 9
69 36
57 55
83 80
77 11
82 3
65 52
19 6
12 35
43 55
41 85
81 37
97 71
10 57
80 8
34 48
65 67
30 89
79 30
31 28
21 86
78 94
12 12
36 55
19 47
71 18
11 55
85 51
24 45
17 75
28 84
80 79
95 83
75 50
71 24
34 57
33 17
26 88
63 21
22 51
11 45
66 16
28 63
53 75
67 78
1 71
21 32
16 10
15 25
30 64
30 53
12 72
61 79
27 44
31 62
81 6
41 37
23 19
19 58
96 23
66 72
81 41
55 57
26 88
49 77
27 86
80 96
42 36
73 70
20 67
96 25
75 33
41 86
83 38
10 92
87 77
45 13
54 30
58 99
13 50
38 78
11 17
78 10
88 42
81 68
22 71
71 32
89 99
92 74
21 94
24 85
22 8
44 78
51 25
90 65
41 62
68 21
62 67
14 15
41 8
17 42
53 50
30 80
66 36
56 35
26 22
49 28
84 84
15 27
49 94
47 37
58 13
19 3
94 10
71 50
21 61
80 8
80 83
65 36
5 79
94 90
34 73
82 17
2 31
8 63
45 85
61 99
58 23
33 99
66 20
42 18
86 5
21 55
71 73
86 91
93 55
23 12
86 84
43 22
53 42
20 50
71 96
58 41
48 4
18 85
61 30
24 42
77 62
95 8
57 39
17 12
84 30
49 83
35 47
23 54
85 53
73 3
36 16
19 10
38 77
74 5
95 52
42 61
22 80
48 73
87 28
71 87
26 90
71 36
76 62
67 19
77 77
5 53
29 27
84 84
59 69
17 33
63 99
61 30
63 45
34 8
56 96
27 9
53 12
13 70
60 96
95 26
48 21
22 14
28 18
74 72
18 3
75 94
18 73
32 9
39 74
32 89
50 37
37 50
2 68
21 55
68 24
35 75
84 65
11 85
19 55
21 8
11 43
80 43
75 18
14 81
60 43
78 88
5 31
40 39
45 34
68 5
82 91
74 32
80 40
97 47
23 72
50 83
18 41
39 20
84 81
55 90
44 75
89 94
89 98
5 31
2 34
62 48
84 49
88 91
15 36
47 22
57 38
37 50
71 1
33 37
92 16
97 13
65 51
17 69
38 93
92 46
13 83
21 50
52 50
14 71
19 87
70 16
72 28
85 60
46 10
85 23
44 73
34 48
74 4
57 88
16 9
12 64
62 82
8 97
14 44
57 3
22 45
8 83
88 23
89 71
13 56
49 18
77 86
30 7
51 9
4 91
74 73
58 85
16 17
49 70
25 24
59 53
97 59
40 28
35 9
90 6
49 96
91 56
66 44
48 99
19 15
59 88
72 31
98 91
25 76
8 5
66 44
95 44
86 36
54 34
27 53
27 5
9 59
39 38
10 48
97 7
32 32
84 18
61 80
37 99
43 28
89 25
94 85
39 46
83 23
40 92
2 16
22 46
19 10
39 58
41 53
38 50
75 39
95 2
19 31
15 22
28 53
64 34
8 27
32 65
13 76
22 46
54 68
16 5
33 29
17 43
36 99
29 78
73 86
14 47
70 30
22 7
33 8
90 30
4 51
94 83
77 73
54 8
84 67
61 64
89 18
55 26
67 96
28 45
41 19
99 4
81 63
52 85
42 26
78 17
90 47
8 30
31 75
82 91
53 8
39 38
85 43
16 83
13 25
51 89
99 84
5 39
38 75
84 1
23 11
74 87
13 3
6 37
3 22
72 23
1 28
35 39
5 75
44 73
99 63
22 30
48 75
16 60
79 77
78 76
84 67
24 25
45 56
72 45
34 23
26 26
97 14
80 54
14 17
86 6
47 36
84 27
99 47
83 30
40 96
42 66
78 98
77 39
22 56
41 33
71 16
49 38
72 97
64 12
50 39
32 18
72 21
2 81
40 91
31 38
43 42
75 70
32 4
21 92
9 37
6 22
79 42
48 95
14 63
29 81
36 8
32 38
54 11
93 99
76 61
20 95
82 6
63 93
22 22
11 9
65 13
75 76
96 5
37 54
80 11
4 65
24 47
82 98
12 26
98 81
12 14
70 72
27 8
